-0.486424200832
-0.0941504783398
-0.43955595734
-0.0472822348481
0.222076372871
0.689520038189
-0.348312677724
0.119130987594
0.588025039976
0.397926979504
0.630714861534
0.440616801063
0.176741855312
0.599688641197
0.741006632917
1.1639534188
-0.276443440759
-0.259761043178
-0.24487665225
-0.228194254669
-0.406518886126
-0.303312096505
-0.22729894617
-0.446686172387
-0.28688184783
-0.272527127598
-0.11272280304
0.511258521491
0.527727223974
0.491526423391
0.507995125874
-0.575844864826
-0.369646496031
-0.134802839288
0.071395529507
0.166216420271
0.00912473241136
0.0314569463647
0.0694159154335
-0.187361244925
0.24886729895
-0.00790986140818
-0.54680113243
-0.287223258038
-0.296510144697
-0.0369322703053
-0.873297701849
-0.150946648502
-0.640845281632
0.0815057717142
0.339840272601
0.191068972124
0.204211902242
0.055440601765
-0.697520774997
-0.304290375825
-0.741614873595
-0.348384474423
1.19815108555
0.0116475955914
1.63847881988
0.451975329919
-0.207020840148
-0.27430230855
-0.304795371038
-0.37207683944
-0.181087351047
-0.601442726357
0.00434248687264
-0.416012888437
-0.879765501491
-0.658101565253
-0.660053948469
0.241507931343
0.17645754299
0.351881847762
0.286831459409
-0.75025685619
0.00518218569934
-0.967247165386
-0.211808123497
-0.0773145288022
-0.137292653706
-0.0128381204597
-0.0728162453638
-1.08664761078
-0.142961387814
-0.738037475524
0.205648747437
-0.399091805668
-0.0539011373101
-0.0201902089579
0.3250004594
-0.100976997258
0.0417154202561
0.198474750158
0.341167167672
-0.177669568918
0.300233102117
-0.533615470036
-0.0557127990015
0.0969426757173
-0.156046381868
0.241858393907
-0.0111306636782
-1.48211612015
0.506441140217
-0.401385423787
-0.0655759166038
-0.20246818553
0.137465758478
-0.355735097877
0.165466885175
0.259178027793
0.0491226670486
0.300875801498
-0.453806745258
-0.202053610809
-0.0818753622528
-0.237306048689
0.312579852407
0.157149165971
-0.895421915473
0.164831370712
-0.446230040172
0.614023246013
0.0796679733893
0.165420134879
0.0491995077121
0.134951669201
-0.313180782857
-0.263573211849
-0.28337943903
0.376865184489
0.00777323995519
-0.0471457535464
-0.0911716861062
-0.0908529621225
0.106157108492
-0.00920180533702
0.0335578510784
0.0351115732012
0.0778712296166
-0.231119634638
0.0230573274752
-0.401162883509
-0.146985921396
0.385157415416
-0.0279490212088
0.309021246149
-0.467861138323
0.0748919150414
-0.630720341441
-0.0879672880765
0.025024391977
-0.0323089262785
0.332327655741
0.274994337486
-0.112347253923
-0.511558304905
0.220310097778
-0.178900953203
-0.507044456127
-0.584431678534
-0.167227422361
-0.243779881558
-0.160944515049
-0.275367001955
-0.192531635446
-0.162658263249
0.370661431156
0.571079196311
1.10439889072
-0.44656453954
-0.335201940044
-0.0183932652229
0.0918901633387
-0.278306343174
0.468471454906
0.0982749483932
-0.674381304513
-0.708535489913
-0.0510865191919
-0.085240704592
0.045312452477
-0.972217987198
-0.219039525275
-1.23656996495
-0.0999890844329
-0.125479435363
-0.324384510262
-0.349874861192
0.0726887746293
-0.0164563110912
0.33762693026
0.248481844539
0.0217809754377
0.414711322029
-0.124742772586
0.268187574005
0.28617992413
0.226939151183
0.103155250642
0.0439144776945
0.392857009122
-0.139236745626
0.327272719274
-0.204821035474
-0.189211793942
-0.206052176726
-0.00397086238788
-0.0208112451722
-0.557256119167
-0.338479930883
-0.485942780191
-0.267166591908
0.173714812049
-0.306866271439
-0.0606930766147
-0.541274160103
0.240313012771
0.0610858403127
0.613848419423
0.434621246965
0.0706653818556
0.0905870753319
0.159887539855
0.179809233331
-1.41210996778
-3.09271953677
0.0881942989314
-1.59241527006
-0.571679503501
-0.883666294926
0.483393343136
0.171406551712
-0.0398765577534
-0.659007560117
0.121155256402
-0.497975745961
0.355454755729
-0.364337534303
-0.218663173931
-0.938455463962
-0.262179157291
-0.332973551218
-0.215595557865
-0.286389951792
1.1040447357
1.05818498859
0.421079865221
0.375220118109
0.349061882283
0.201852651624
0.73238185545
0.585172624792
-0.0354886344532
-0.232728180377
0.00389872714473
-0.193340818779
0.42223268071
0.382542959203
0.735118743794
0.695429022287
-0.00266517560344
-0.166446212546
-0.742433078835
-0.906214115778
0.165711365734
-0.228540479259
0.359077969389
-0.0351738756045
-0.273499921947
-0.0276869702212
-0.17853468983
0.0672782618956
-1.14083330539
-0.691221121861
-0.375871816758
0.0737403667751
0.611357678231
0.654086180488
0.347098776637
0.389827278894
-0.271005278276
-0.10129946941
-0.0658134255243
0.103892383341
-1.04569131512
-0.464379043198
-0.120862059359
0.460450212567
-0.469935654647
-0.462193893632
-0.144239611793
-0.136497850777
-0.45807077112
-0.339989140602
-0.325746425752
-0.207664795234
-0.332978086828
-0.356899615668
0.327026074111
0.170356182283
-0.350324181796
0.49774754232
-0.0229328217589
-0.538087803367
-0.27024143788
-0.275231503872
-0.0073851383858
-0.941960107429
-0.449226504946
-0.689381813565
-0.196648211082
-0.676153428365
-0.0583080605939
-0.671010400551
-0.0531650327797
0.0149599556748
0.0440175175599
0.0973437522347
0.12640131412
0.0137233754618
0.456506453254
0.25371803822
0.696501116011
-0.317559151853
-1.07071277903
0.0205182364138
-0.732635390759
-0.111678166446
0.16501186541
-0.0380077974525
0.238682234404
-0.92817475883
-0.329273338318
-0.697971795884
-0.099070375373
-0.159492149093
-0.13000918737
-0.152760883289
-0.123277921567
-0.700335937653
-1.64862986846
-0.128680781337
-1.07697471214
-0.00767252211768
0.0671030776809
-0.308991583915
-0.234215984117
-0.445457073001
-0.13392980267
-0.00583840060127
0.30568886973
-0.386819425597
0.268581689627
-0.346874648824
0.308526466401
-0.160173224792
-0.118562308299
-0.0572013840202
-0.0155904675278