-0.368647446563
-0.0226544766347
-0.177505713915
0.168487256013
1.00620976176
0.96587870014
0.569715674049
0.529384612434
0.399961302648
0.364614703037
0.523477783254
0.488131183643
-0.0603046011711
0.763156787662
0.407873297561
1.23133468639
-0.270128330031
-0.104333046652
-0.201879974888
-0.0360846915084
-0.628153003192
-0.318831416327
-0.611561846627
-0.373414867518
-0.289523857292
-0.0916789200877
-0.00778790986182
0.711641137885
0.744492761583
0.716786182883
0.749637806581
-0.291676611674
-0.514065768408
0.217311093323
-0.00507806341083
0.237124389694
-0.15253356484
0.0439128407065
-0.127647923098
-0.34373168149
0.109031863061
-0.107051895332
-1.0755197712
-0.909590256537
-0.491543357753
-0.32561384309
-0.43765764331
-0.369590640489
-0.555041269715
-0.486974266894
0.292945014618
0.314410413561
0.0309416703059
0.0524070692487
-0.811717306654
-0.586822222301
-0.694907046897
-0.470011962544
1.24916145449
0.642893039666
1.58345810596
0.977189691137
-0.244215210156
-0.306619701478
-0.233626220129
-0.296030711451
-0.132965067244
-0.353339640186
0.0898826490706
-0.130491923871
-0.991089508546
-0.654762663988
-0.782149229596
0.469386512447
0.45201825491
0.434856892329
0.417488634792
0.217678108837
0.0468670789489
0.302215879876
0.131404849988
-0.614355994699
-0.570537325922
-0.398444419918
-0.354625751141
-0.967357415829
0.369532672559
-1.55932715855
-0.222437070164
-0.318965761188
-0.176299356942
0.156062842
0.298729246246
0.0530221788952
0.253406477839
0.457683487179
0.658067786123
-0.575294294739
0.114829878785
-0.751286577293
-0.0611624037691
0.10472739412
-0.328753043696
0.348495641306
-0.0849847965109
-1.55087541872
0.441390455176
-0.090348445149
-0.351633293329
-0.409482354914
-0.262919803887
-0.449769156915
-0.0953242141151
0.356580988271
0.21918460251
0.454239988661
-0.129789843837
0.105265542314
0.240326423482
-0.181801377376
0.233578269242
-0.188549531616
-0.517135128419
0.115750888643
-0.298560511511
0.334325505551
-0.0813648603138
-0.0116233700771
-0.0740661014657
-0.00432461122899
-0.23580830374
-0.0878145625482
-0.277024447147
0.0581221761214
0.0550974001352
-0.242509740754
0.135645764859
0.10666206399
0.276716324616
0.41596837385
-0.259111762884
0.651975449011
-0.0231046877234
0.132935416598
0.217213341916
0.164445086449
0.248723011767
0.429223006682
0.0661218012049
0.260525418676
-0.624996542454
0.485007679301
-0.700145618655
0.4098586031
-0.0863341423294
-0.140213225717
0.249441873603
0.195562790216
0.0167104660181
-0.499262818579
0.361771135954
-0.154202148643
-0.702988906951
-1.09783730456
-0.442815936245
-0.278471197481
-0.035511705983
-0.226587832777
0.0163716587208
0.354209674973
0.247180374385
1.31045957191
1.20343027132
-0.32809161079
-0.0898510031597
0.000988760883191
0.197430357373
0.0701426330121
0.573487677222
0.446199952861
-0.779741820171
-0.754889599285
-0.345713063996
-0.32086084311
-0.202265124174
-0.193209516031
-0.216466349201
-0.207410741058
-0.060640174369
0.245108035096
-0.17967508454
0.126073124925
0.0960105739669
0.53696005017
0.111487869966
0.552437346169
-0.128430676608
0.297289492806
-0.310837609224
0.11488256019
0.00686610134923
-0.206050630315
0.032886054795
-0.180030676869
0.624789411297
0.681172214545
-0.0140858077029
0.0422969955454
-0.0989790953628
-0.626645101913
0.166702667798
-0.360963338752
-0.62405559593
-0.437628886995
-0.620325749017
-0.433899040082
-0.00226918936552
-0.502891023737
-0.166331331477
-0.666953165849
-0.245286863415
-0.0741418127388
-0.122574923727
0.0485701269494
0.147530720323
0.139277774952
0.160463320446
0.152210375075
-1.54678400003
-3.4635791157
-0.008484449629
-1.9252795653
-0.434961911764
0.584171016835
0.374184128124
1.39331705672
-0.0121616251694
-0.326799722282
-0.192717148302
-0.507355245415
0.66190949826
-0.0516522420215
0.0248026709329
-0.688759069348
-0.194256605932
-0.323177435157
-0.162561619
-0.291482448225
1.0042657327
1.12800876997
-0.133785319956
-0.0100422826821
0.887723093825
0.817748143719
1.13361211604
1.06363716593
-0.427979122131
-0.52657569375
-0.450354279822
-0.548950851441
-0.119479333411
0.200662125202
0.289006532588
0.609147991201
0.615993152966
0.705992636799
-0.623333387294
-0.533333903461
-0.350812279146
-0.215889361706
-0.182519313044
-0.0475963956031
-0.300846482944
-0.0514515905845
-0.0452218004591
0.204173091901
-0.822742177773
-0.333733923246
-0.231060993181
0.257947261346
0.780775830189
0.904545542449
0.332594090434
0.456363802694
-0.315049561328
-0.121998785423
-0.0602296040563
0.132821171848
0.428849858127
0.811335886389
0.375649829768
0.75813585803
-0.349545055584
-0.355789536543
0.0952403588414
0.0889958778825
-0.557747374911
-0.248855917696
-0.308270837902
0.000620619312397
-0.797815723527
-0.369323501489
-0.0313249688649
-0.168710089515
-0.76272172668
0.0609223117714
-0.533089325393
-0.610583305405
-0.503129280669
-0.527443396875
-0.41998937214
-0.870721125581
-0.62300314923
-0.600676695313
-0.352958718962
-0.528366134435
-0.260254482707
-0.407643523931
-0.139531872203
-0.107819592825
0.115868254319
0.00137546118581
0.225063308329
0.562059732444
1.01965789602
0.654755688904
1.11235385248
0.750614882929
-0.808007450435
0.949968750513
-0.608653582851
-0.11226839143
-0.217253308902
-0.146447268699
-0.251432186171
-0.845961197761
-0.276190718707
-0.782707452921
-0.212936973867
-0.160135410947
-0.181945743612
-0.0881636232755
-0.109973955941
0.201066181728
-0.0441302376668
0.787609950538
0.542413531143
0.29407275979
-0.20966696132
0.152281680522
-0.351458040588
-0.443430986452
-0.466764348848
0.0646448469893
0.0413114845934
-0.202304796405
0.157692200273
-0.227304302593
0.132692694085
0.0755491087293
0.150220887483
0.0314346886964
0.10610646745