-0.38885015388
-0.0428571839522
-0.171275164164
0.174717805764
0.545112957661
0.770485061779
0.0475829793681
0.272955083486
0.4346970669
0.383001329288
0.478404108629
0.426708371016
0.250849827466
0.811946951832
0.801265824435
1.3623629488
-0.418799544094
-0.253004260715
-0.317028496912
-0.151233213532
0.133987048855
0.21350041266
-0.265039274152
-0.560190774662
-0.0990055332942
-0.357881960862
0.103303280505
0.483164240595
0.494813656642
0.463789668419
0.475439084466
-1.29390977335
-0.926830178998
-0.524038189055
-0.156958594704
0.0946243270872
-0.275957480386
-0.108156672917
-0.0586550516107
-0.248421501686
0.184103780624
-0.00566266945128
-1.13071932055
-0.898540420351
-0.56113164456
-0.328952744356
-0.791898254113
-0.305478208167
-0.657709087684
-0.171289041737
0.114253225875
-0.020850435874
0.0165529328538
-0.118550728895
0.175937911429
0.400832995782
0.201180977659
0.426076062012
-0.174377079804
-0.0185054425793
-0.0461825137916
0.109689123433
-0.275398137593
-0.405807358029
-0.187600397733
-0.31800961817
-0.131180945451
-0.292715018369
0.0962826709161
-0.0652514020027
-0.877760823239
-0.548814085978
-0.708666452836
0.208021748313
0.683129975873
0.240873395787
0.715981623348
-0.167984371975
-0.060081999394
-0.0927779283652
0.0151244442158
-0.662558096517
-0.205894212334
-0.435473221138
0.0211906630453
-0.946107587997
0.450501735093
-1.71001817146
-0.31340884837
-0.462066604829
-0.319400200583
-0.260331336641
-0.117664932395
-0.250789275486
-0.151470567918
0.216672934037
0.315991641605
-0.702994767052
0.402511951237
-0.644201923277
0.461304795012
0.363790661266
-0.189490976363
0.730661105586
0.177379467957
-1.01083779347
0.368819762341
-0.407116098496
-0.170936432262
0.188556238423
-0.343587706954
-0.425671605336
-0.158238039526
-0.296720283742
-0.128798070185
0.153885364955
-0.389934351566
-0.107250916425
-0.14963449809
-0.181801377376
0.175470638435
0.143303759149
-0.590901278658
0.2502817816
-0.414838655988
0.426344404271
-0.00132215264029
0.129104289418
-0.0438140582952
0.0866123837631
-0.228839634423
-0.0694171974085
-0.337264527525
0.290594822724
0.178752908212
0.0270805688057
0.0326977956065
0.0777144879553
0.158156589892
1.33225910572
0.300504025051
1.70802812326
0.676273042587
-0.0302446699482
0.159393771027
0.0590845707913
0.248723011767
0.234828868654
0.198969900328
0.252460858839
-0.575320290638
0.202746849661
-0.694293145459
0.0837739948403
-0.127577100863
-0.0562930412968
0.142832138545
0.214116198112
-0.117211964034
-0.706442518904
0.251105568067
-0.338124986804
-0.676671598634
-1.00879673777
-0.234177071134
-0.219520548619
-0.10407437742
-0.293230526919
-0.17778435572
-1.10107755763
-0.332638120868
-0.258156346004
0.510283090762
-0.360179925341
-0.380871976877
-0.270984017863
0.246220521542
0.401499768966
0.676345062662
0.831624310086
-0.531280460872
-0.349424491176
0.21023299505
0.392088964746
0.183397356638
0.0299340352829
0.204914214213
0.0514508928583
0.127412057134
0.0523877710814
0.0083771469629
-0.0666471390897
0.117424668471
-0.0691757534005
0.163673623136
-0.0229267987348
-0.0408326172903
0.352097729301
-0.252729978416
0.140200368175
0.0248846068519
-0.103771781194
0.125628106494
-0.00302828155265
-0.0014635344334
-0.0140736026721
-0.508782049539
-0.521392117778
0.16326440345
-0.328033958929
0.457237809233
-0.0340605531468
-0.734366616748
-0.568307210637
-0.647255160896
-0.481195754785
-0.0921255184874
-0.413278865047
-0.309432175118
-0.630585521678
0.0460954907795
0.100115184218
0.221823378167
0.275843071606
0.0313138556993
-0.0171744018635
0.153445747787
0.104957490224
-0.911395653621
-2.72124169095
-0.0135392202906
-1.82338525762
0.312252490066
0.258748616401
0.387429354875
0.333925481209
-0.101537069454
-0.357422582496
-0.0256630636389
-0.281548576681
0.615737853992
-0.097823886289
0.00332363925573
-0.710238101025
-0.204268241346
-0.309620324198
-0.200609686638
-0.30596176949
1.07910271546
1.00439481401
0.159975798572
0.0852678971222
0.396160769135
0.154335562102
0.570905135531
0.329079928498
-0.464182170795
-0.629470116913
-0.497607164672
-0.66289511079
-0.104392133492
-0.0208775765305
0.270054607172
0.353569164134
0.100394250447
-0.808135095831
-0.623333387294
-1.53186273357
-0.486025757954
-0.551773535975
-0.299383653183
-0.365131431205
-0.0996050926458
0.368043365734
0.0123586789761
0.480007137356
-0.712076609885
-0.0746483502405
-0.0949288188561
0.542499440789
0.839616330212
0.883343334799
0.778881193062
0.822608197649
-0.333709984045
-0.301970164872
-0.00709210435919
0.0246477148138
0.0272532267967
0.5801660242
0.0928938756522
0.645806673056
-0.414083576722
-0.355789536543
-0.0462592034323
0.0120348367464
-0.734735585729
-0.452379682141
-0.491731563226
-0.209375659638
-1.08883669724
-0.534403251848
-0.156076673837
0.0711813191001
-0.531610005716
0.335700979387
-0.267090345429
-0.625429813522
-0.55719650194
-0.583532863526
-0.515299551944
-0.81541628039
-0.617888048563
-0.559760587574
-0.362232355748
-0.798146996558
-0.188612603048
-0.586162794775
0.0233715987341
-0.165343436963
-0.113505846746
0.0348233952533
0.0866609854703
0.33891618113
0.103367164147
0.50957367906
0.274024662077
0.100027316788
-0.852459213006
0.0955534223568
-0.856933107437
-0.300417580094
-0.337616991152
-0.146447268699
-0.183646679757
-0.562250415086
-0.00774740816288
-0.52424563243
0.0302573744927
-0.0497744537982
-0.163392335717
-0.0371780685426
-0.150795950461
-0.086615890724
-0.737277418227
0.534336657771
-0.116324869731
-0.155067411821
-0.280929981341
-0.296132010853
-0.421994580374
-0.438401638047
-0.11087402637
-0.0169961174719
0.310531494205
-0.261493667796
0.412160887738
-0.458416023557
0.215238531977
-1.1086210683
-0.523123665781
-0.601087870047
-0.0155904675278